62
0 115 0
1 147 0
2 185 0
3 186 0
4 116 0
5 180 0
6 145 0
7 118 0
8 7 0
9 30 0
10 57 0
11 92 0
12 28 0
13 98 0
14 97 0
15 59 0
16 27 0
17 191 1
18 107 1
19 136 1
20 160 1
21 108 1
22 20 1
23 72 1
24 48 1
25 19 1
26 193 1
27 2 1
28 11 1
29 14 1
30 3 1
31 113 1
32 129 1
33 4 1
34 41 1
35 25 1
36 127 1
37 109 1
38 164 1
39 111 1
40 128 1
41 167 1
42 23 1
43 76 1
44 21 1
45 39 1
46 79 1
47 40 1
48 154 1
50 119 1
51 5 1
52 31 1
54 66 1
56 37 0
57 6 0
58 125 0
61 133 1
62 8 1
63 45 1
65 36 0
66 12 0
67 124 0
